timestamp,bet_amount,outcome,balance,win_rate,consecutive_losses,cumulative_profit,rolling_win_rate
1723482670.0351946,2,lose,1799998,0.0,6,-2,
1723482723.0599391,4,win,1800002,0.5,0,2,
1723482768.6768372,10000,win,1810002,0.6666666666666666,0,10002,
1723482811.8245058,10000,lose,1800002,0.5,1,2,
1723482918.1385899,10000,win,1810002,0.6,0,10002,
1723482961.2074938,10000,lose,1800002,0.5,1,2,
1723483294.4855702,10000,win,1810002,0.5714285714285714,0,10002,
1723483467.4215448,10000,win,1820002,0.625,0,20002,
1723483613.1503615,10000,win,1830002,0.6666666666666666,0,30002,
1723483653.0037355,10000,win,1840002,0.7,0,40002,
1723483692.6646051,10000,lose,1830002,0.6363636363636364,1,30002,
1723483804.7812073,10000,lose,1820002,0.5833333333333334,2,20002,
1723483848.1070635,10000,lose,1810002,0.5384615384615384,3,10002,
1723483891.5006626,180000,win,1990002,0.5714285714285714,0,190002,
1723483958.5933099,10000,lose,1980002,0.5333333333333333,1,180002,
1723484001.7976935,10000,lose,1970002,0.5,2,170002,
1723484129.9946637,10000,lose,1960002,0.47058823529411764,3,160002,
1723484787.0032253,200000,win,2160002,0.5,0,360002,
1723484829.7416093,10000,win,2170002,0.5263157894736842,0,370002,
1723486008.8220396,10000,lose,2160002,0.5,1,360002,
1723486051.834258,10000,win,2170002,0.5238095238095238,0,370002,
1723486101.5781054,10000,win,2180002,0.5454545454545454,0,380002,
1723486141.06526,10000,lose,2170002,0.5217391304347826,1,370002,
1723486180.7965267,10000,win,2180002,0.5416666666666666,0,380002,
1723486247.940729,10000,win,2190002,0.56,0,390002,
1723486344.4076538,10000,win,2200002,0.5769230769230769,0,400002,
1723487997.1549714,10000,win,2210002,0.5925925925925926,0,410002,
1723488039.9114149,10000,win,2220002,0.6071428571428571,0,420002,
1723488612.2939835,10000,win,2230002,0.6206896551724138,0,430002,
1723489375.4835367,10000,win,2240002,0.6333333333333333,0,440002,
1723489418.4149938,10000,lose,2230002,0.6129032258064516,1,430002,
1723489468.1941304,10000,lose,2220002,0.59375,2,420002,
1723489517.8677335,10000,lose,2210002,0.5757575757575758,3,410002,
1723489564.2707734,220000,win,2430002,0.5882352941176471,0,630002,
1723489686.8044798,10000,lose,2420002,0.5714285714285714,1,620002,
1723489760.2367551,10000,lose,2410002,0.5555555555555556,2,610002,
1723489799.672437,10000,lose,2400002,0.5405405405405406,3,600002,
1723489849.449928,240000,lose,2160002,0.5263157894736842,4,360002,
1723489889.1224742,430000,win,2590002,0.5384615384615384,0,790002,
1723489945.7570992,10000,win,2600002,0.55,0,800002,
1723489988.4739556,10000,win,2610002,0.5609756097560976,0,810002,
1723490034.7040648,10000,win,2620002,0.5714285714285714,0,820002,
1723490111.7756002,10000,win,2630002,0.5813953488372093,0,830002,
1723490154.7363768,10000,lose,2620002,0.5681818181818182,1,820002,
1723490221.5324006,10000,lose,2610002,0.5555555555555556,2,810002,
1723490264.2977624,10000,win,2620002,0.5652173913043478,0,820002,
1723490307.2173936,10000,win,2630002,0.574468085106383,0,830002,
1723490346.7465148,10000,lose,2620002,0.5625,1,820002,
1723490396.567254,10000,lose,2610002,0.5510204081632653,2,810002,
1723490439.3923388,10000,win,2620002,0.56,0,820002,0.56
1723490495.864539,10000,win,2630002,0.5686274509803921,0,830002,0.58
1723490538.811246,10000,lose,2620002,0.5576923076923077,1,820002,0.56
1723490581.651077,10000,win,2630002,0.5660377358490566,0,830002,0.56
1723490750.6746428,10000,win,2640002,0.5740740740740741,0,840002,0.58
1723490869.200976,10000,lose,2630002,0.5636363636363636,1,830002,0.56
1723490908.569896,10000,win,2640002,0.5714285714285714,0,840002,0.58
1723490948.126646,10000,lose,2630002,0.5614035087719298,1,830002,0.56
1723490987.575018,10000,win,2640002,0.5689655172413793,0,840002,0.56
1723491033.8308644,10000,win,2650002,0.576271186440678,0,850002,0.56
1723491080.204575,10000,win,2660002,0.5833333333333334,0,860002,0.56
1723491220.1203837,10000,win,2670002,0.5901639344262295,0,870002,0.58
1723491286.6768756,10000,win,2680002,0.5967741935483871,0,880002,0.6
1723491336.2924936,10000,win,2690002,0.6031746031746031,0,890002,0.62
1723491475.4083946,10000,win,2700002,0.609375,0,900002,0.62
1723491644.4355736,10000,win,2710002,0.6153846153846154,0,910002,0.64
1723491910.3129659,10000,win,2720002,0.6212121212121212,0,920002,0.66
1723492167.798093,10000,lose,2710002,0.6119402985074627,1,910002,0.66
1723492220.7841623,10000,win,2720002,0.6176470588235294,0,920002,0.66
1723492267.016594,10000,win,2730002,0.6231884057971014,0,930002,0.66
1723492316.5886712,10000,win,2740002,0.6285714285714286,0,940002,0.68
1723492393.571127,10000,win,2750002,0.6338028169014085,0,950002,0.68
1723492652.1261213,10000,win,2760002,0.6388888888888888,0,960002,0.68
1723492725.2099102,10000,lose,2750002,0.6301369863013698,1,950002,0.68
1723493238.1783454,10000,lose,2740002,0.6216216216216216,2,940002,0.66
1723493277.7779596,10000,win,2750002,0.6266666666666667,0,950002,0.66
1723493337.9587262,10000,win,2760002,0.631578947368421,0,960002,0.66
1723493394.4608037,10000,win,2770002,0.6363636363636364,0,970002,0.66
1723493506.474088,10000,win,2780002,0.6410256410256411,0,980002,0.66
1723493572.9864397,10000,lose,2770002,0.6329113924050633,1,970002,0.64
1723493612.5170608,10000,win,2780002,0.6375,0,980002,0.64
1723493734.774839,10000,win,2790002,0.6419753086419753,0,990002,0.66
1723493878.1179895,10000,lose,2780002,0.6341463414634146,1,980002,0.66
1723493917.905306,10000,win,2790002,0.6385542168674698,0,990002,0.68
1723494030.540085,10000,win,2800002,0.6428571428571429,0,1000002,0.68
1723494143.03201,10000,win,2810002,0.6470588235294118,0,1010002,0.7
1723494189.5673664,10000,win,2820002,0.6511627906976745,0,1020002,0.72
1723494315.379561,10000,lose,2810002,0.6436781609195402,1,1010002,0.72
1723494514.3287563,10000,win,2820002,0.6477272727272727,0,1020002,0.74
1723494571.1126568,10000,lose,2810002,0.6404494382022472,1,1010002,0.72
1723494631.3592463,10000,win,2820002,0.6444444444444445,0,1020002,0.72
1723494820.1271508,10000,lose,2810002,0.6373626373626373,1,1010002,0.7
1723495009.695007,10000,win,2820002,0.6413043478260869,0,1020002,0.7
1723495052.816295,10000,lose,2810002,0.6344086021505376,1,1010002,0.68
1723495112.7920394,10000,win,2820002,0.6382978723404256,0,1020002,0.7
1723495228.7590349,10000,win,2830002,0.6421052631578947,0,1030002,0.72
1723495285.3829339,10000,lose,2820002,0.6354166666666666,1,1020002,0.7
1723495331.8531241,10000,win,2830002,0.6391752577319587,0,1030002,0.7
1723495550.600488,10000,lose,2820002,0.6326530612244898,1,1020002,0.7
1723495600.369952,10000,lose,2810002,0.6262626262626263,2,1010002,0.7
1723495698.7395215,10000,win,2820002,0.63,0,1020002,0.7
